1.34769943036
1.26104072352
1.24682449451
1.23786498538
1.23161980639
1.22536594593
1.21998893762
1.22002996587
1.21576694336
1.21026756236
1.20926089999
1.20705876631
1.20512066481
1.20453340883
1.2005611825
1.20140287939
1.20085775598
1.19808650278
1.19488878635
1.19657829945
1.19268496285
1.19186795994
1.19135973572
1.18950489554
1.18722568823
1.18621376927
1.18867599095
1.18821275356
1.18582736193
1.18529901432
1.18516882245
1.18321441562
1.18261158212
1.18050861086
1.18219768784
1.1820136932
1.18041962098
1.17975194806
1.17929312152
1.18230223788
1.17994808543
1.17708909957
1.17914625262
1.17585745314
1.17771106892
1.17532491393
1.17604657153
1.17569964461
1.17681743405
1.17548947211
1.17539857142
1.17525443311
1.17467442258
1.17448417159
1.17601800948
1.17419836527
1.17487286033
1.17268618234
1.17280633672
1.17271565813
1.17411286092
1.17326272956
1.17298881763
1.17226388984
1.17267687464
1.17275041147
1.1730795086
1.17211759702
1.17239949033
1.16966997524
1.17046999428
1.17293723655
1.17314080454
1.17087794341
1.17102688013
1.17051810706
1.1718022291
1.16856351277
1.16987222496
1.1704062955
1.16996061507
1.1679652008
1.16958559528
1.1699402725
1.1700040158
1.17228762785
1.17091593957
1.17181188295
1.16819928691
1.1685507352
1.1686110146
1.16752635342
1.16723677074
1.1683966446
1.16802595933
1.16760256942
1.16831248332
1.16737743582
1.16722497683
1.16671010966
1.16763439646
